Gene,GSM4836602_20180131_20180131AN_A_11_21_11,GSM4836603_20180131_20180131AN_A_12_22_12,GSM4836604_20180207_20180207AN_02_24_02,GSM4836605_20180207_20180207AN_03_25_03,GSM4836606_20180207_20180207AN_05_27_05,GSM4836607_20180207_20180207AN_06_28_06,GSM4836608_20180207_20180207AN_08_30_08,GSM4836609_20180207_20180207AN_09_31_09,GSM4836610_20180207_20180207AN_11_33_11,GSM4836611_20180207_20180207AN_12_34_12,GSM4836612_20180209_20180209AN_02_36_02,GSM4836613_20180209_20180209AN_03_37_03,GSM4836614_20180209_20180209AN_05_39_05,GSM4836615_20180209_20180209AN_06_40_06,GSM4836616_20180209_20180209AN_08_42_08,GSM4836617_20180209_20180209AN_09_43_09,GSM4836618_20180209_20180209AN_11_45_11,GSM4836619_20180209_20180209AN_12_46_12,GSM4836620_20180215_20180215ANa_02_48_02,GSM4836621_20180215_20180215ANa_03_49_03,GSM4836622_20180215_20180215ANa_05_51_05,GSM4836623_20180215_20180215ANa_06_52_06,GSM4836624_20180215_20180215ANa_08_54_08,GSM4836625_20180215_20180215ANa_09_55_09,GSM4836626_20180215_20180215ANa_11_57_11,GSM4836627_20180215_20180215ANa_12_58_12
DKFZp686,5,2,7,5,9,6,4,3,5,4,5,4,6,14,5,4,7,5,8,6,3,4,4,6,8,2
VTN,3,5,6,6,3,5,5,2,6,2,4,0,3,4,4,5,1,1,5,8,4,1,3,11,5,5
HLA-DQB1,656,536,4,4,568,727,4,2,380,274,2,2,126,181,4,1,493,513,1449,1239,233,237,8,0,450,468
KIT,1,8,9,6,3,3,6,8,5,2,0,3,4,6,1,5,1,4,3,6,10,7,5,3,7,7
LAG3,139,81,185,66,637,47,105,60,28,27,134,32,238,45,813,178,60,63,67,35,105,95,106,62,88,52
SOCS3,1215,449,1061,323,1162,403,464,231,1188,246,738,499,868,359,636,333,384,258,394,306,244,206,429,327,480,202
TCF7,536,513,566,922,361,632,1039,1257,440,395,401,742,469,592,105,169,315,327,436,431,515,367,271,479,472,370
IKBKB,101,78,86,86,89,29,89,80,71,50,51,55,121,104,79,74,73,72,105,77,83,59,58,81,76,36
KLRC2,43,92,55,61,118,64,183,107,135,39,34,96,92,148,154,232,50,63,81,57,201,138,73,82,157,64
ITGA6,273,217,286,301,272,182,383,362,194,136,226,169,244,241,90,121,141,130,136,140,144,128,127,149,166,115
CXCR4,7285,8430,4120,6410,5936,11091,3732,8717,5490,6388,7934,8999,3716,5986,3787,5120,4237,7536,3201,3813,4036,8055,4434,7018,5823,7616
NFKBIZ,1244,905,1352,1083,1164,627,613,546,888,541,951,815,1095,712,589,510,365,552,552,494,405,505,572,868,511,416
ATG5,151,146,183,186,173,129,148,198,194,116,119,155,182,194,163,207,146,145,134,143,133,133,105,139,143,86
MAPK14,270,237,276,293,220,112,214,163,244,120,137,136,251,286,185,224,266,189,271,186,210,119,107,120,181,71
IL32,13274,16389,15909,18322,8354,17154,18309,21959,18540,13850,17693,23008,11134,11763,13846,17088,18425,19868,23413,24954,13250,11658,16242,23222,16814,12185
CFB,16,2,23,10,16,12,10,8,11,7,3,5,15,10,23,9,10,8,21,17,8,4,20,11,12,5
CXCL1,25,63,22,22,97,108,21,15,42,25,27,117,25,55,17,23,33,36,54,28,17,87,14,140,25,32
CEACAM1,11,5,22,8,36,3,9,6,11,4,15,2,29,9,13,3,6,7,10,3,6,2,16,8,10,3
C8A,4,1,3,5,2,0,6,7,4,4,5,3,2,3,0,7,3,2,6,5,7,1,1,5,4,0
CFP,342,335,455,517,253,209,177,220,495,292,135,317,318,548,229,445,344,404,637,575,332,307,90,386,309,220
LILRA5,1229,480,1386,644,1220,266,373,300,933,271,642,473,1316,833,852,674,371,555,804,630,464,338,344,460,947,261
IL10RA,1918,1482,1509,1686,1360,1183,882,1008,1739,1231,750,1154,1495,1547,1862,1993,1185,1509,1379,1314,1123,1267,728,1210,1009,736
IL17A,8,1,6,4,2,4,2,4,2,2,0,1,2,4,6,4,1,0,3,2,1,2,3,3,2,3
TP53,274,226,323,370,222,103,262,260,302,164,159,209,289,336,165,248,241,172,292,202,238,142,130,156,213,102
MAPK1,826,873,724,896,661,386,616,639,735,441,390,577,817,971,842,968,612,666,681,529,619,567,360,591,561,318
CCRL2,28,41,34,31,39,28,22,14,21,16,15,22,47,30,32,38,20,11,30,26,21,25,6,32,26,17
BTK,174,130,163,180,138,75,106,119,186,124,97,112,157,206,116,169,131,150,169,119,106,81,62,104,119,52
KLRK1,1094,1105,841,985,1077,564,1342,1501,1085,368,364,683,600,717,1399,1805,1063,1097,851,709,1200,784,526,529,940,469
TICAM1,89,63,73,59,85,47,50,48,95,31,35,56,88,50,77,43,28,28,56,34,48,44,52,56,82,35
CMKLR1,223,111,100,51,186,14,59,38,137,21,57,26,127,67,164,155,67,93,98,65,189,61,46,35,100,21
ARG1,9,4,6,3,4,3,2,4,2,3,2,4,7,4,12,4,4,5,4,5,3,2,6,1,6,2
IDO1,147,13,299,17,921,5,107,19,60,8,286,12,367,18,1172,10,13,15,7,9,13,8,95,10,61,4
ASCL1,3,3,5,0,0,1,4,2,1,2,2,1,3,3,2,5,1,1,3,4,1,1,5,3,4,1
IL17B,0,2,4,3,1,2,4,0,4,0,1,1,0,0,4,4,0,0,6,1,2,1,2,2,5,1
TNFRSF13C,107,128,57,83,47,96,130,198,90,154,125,213,62,62,21,42,52,78,60,65,117,124,109,171,148,130
CD6,159,149,170,191,135,187,218,249,106,77,96,112,129,169,129,173,128,138,186,164,142,124,151,181,162,128
CTSG,1,2,5,2,3,4,1,2,4,2,1,4,3,8,0,7,2,0,5,3,1,1,1,5,1,1
BAX,464,487,569,636,429,382,403,567,610,396,307,480,518,631,479,744,444,454,608,504,439,516,269,549,460,334
KIR_Inhibiting_Subgroup_1,31,23,39,40,95,30,72,40,186,36,14,36,47,44,93,96,25,44,23,13,94,107,41,46,28,21
NOTCH2,523,503,519,573,353,198,280,314,333,216,182,227,378,365,368,463,282,306,389,365,327,214,143,226,244,118
TNFRSF4,10,13,5,15,8,7,8,8,6,10,6,5,26,32,5,10,4,6,14,10,4,5,7,15,13,5
TGFBR1,92,125,82,116,107,95,119,125,143,72,56,89,62,116,113,186,87,107,141,116,176,157,64,139,151,96
C7,3,2,6,4,3,5,7,3,5,2,2,1,8,3,4,2,2,3,6,5,1,1,3,3,5,0
CD40,117,50,143,92,181,34,147,93,156,55,218,120,117,48,147,87,81,41,74,62,100,46,141,83,166,46
CCL15,1,4,2,3,3,2,3,4,2,3,2,1,2,3,2,5,1,2,3,3,4,5,4,2,4,4
ICAM3,1443,1267,1677,1593,1474,1165,1417,1625,1643,974,1089,1330,1839,1595,1265,1455,1291,1407,1275,1003,1101,1040,927,1272,1235,860
SKI,206,256,176,286,145,378,233,303,168,141,119,176,165,253,90,191,148,164,148,134,189,160,103,184,126,101
ATG10,18,17,32,36,31,19,23,37,34,23,18,29,33,44,32,29,27,30,33,22,24,25,16,21,23,22
C4BPA,5,0,3,2,3,4,4,3,3,5,0,1,0,2,1,4,4,3,2,1,1,2,0,2,1,0
C8G,3,0,6,4,3,0,1,2,2,1,3,0,4,2,5,2,4,3,4,6,2,2,2,1,4,4
ABL1,70,69,54,85,56,59,29,60,48,35,33,38,51,56,31,59,24,38,40,29,48,41,21,36,42,22
IL1RL1,4,2,3,5,4,4,2,3,6,1,2,1,2,1,3,1,3,1,2,2,1,0,0,5,2,2
PDCD1,11,7,3,7,19,8,8,8,10,6,6,8,16,9,12,4,13,7,13,12,6,9,13,22,7,5
CTNNB1,713,717,744,731,731,788,594,595,661,390,412,537,723,738,600,598,517,514,513,369,391,489,303,464,388,286
MAP4K2,124,139,124,158,105,115,148,160,118,110,75,131,155,136,60,104,92,111,112,98,95,101,77,139,87,87
RELA,111,99,109,101,115,105,96,76,75,55,53,56,112,79,87,84,57,59,68,59,81,78,67,61,80,51
CCL22,0,4,4,1,2,0,2,1,8,2,0,5,2,2,4,2,3,3,2,7,6,2,3,2,2,1
IKBKE,153,96,127,112,94,42,141,93,124,49,80,56,204,153,99,82,84,75,88,58,60,48,72,62,97,37
SYDE2,33,32,30,73,38,113,57,81,22,33,15,25,35,34,8,7,14,19,19,38,32,72,23,59,23,27
AICDA,0,4,0,4,0,3,3,5,2,0,0,2,5,3,2,2,2,6,5,3,4,2,7,2,4,1
THY1,1,4,3,0,3,2,1,6,2,0,1,1,2,1,4,2,2,1,1,1,5,1,2,1,0,0
LIF,5,4,12,5,9,5,8,3,2,1,7,7,11,4,7,2,2,2,1,3,0,5,7,4,7,1
MRC1,7,11,4,2,3,0,4,5,10,4,3,5,3,6,3,11,8,6,21,6,4,4,5,7,5,3
CD40LG,80,84,128,155,100,69,144,156,117,81,45,102,179,247,132,135,148,113,130,63,116,79,68,113,105,74
MALT1,568,395,510,489,512,336,464,471,447,319,408,440,558,508,364,369,351,344,345,320,331,255,236,315,339,206
IL1RN,409,22,285,29,546,36,187,25,394,22,184,37,415,42,427,40,31,20,50,22,157,21,168,28,255,23
CXCL9,60,7,33,13,43,6,38,9,66,9,36,9,44,15,32,13,4,8,6,7,4,6,2,9,4,6
HFE,20,11,9,13,17,6,13,7,14,7,6,7,15,8,10,8,11,7,19,20,13,6,15,15,18,4
CCL7,17,3,12,3,15,8,14,1,39,0,14,5,11,1,7,4,6,1,3,3,3,6,4,61,9,2
ZAP70,434,340,336,381,392,277,492,357,432,189,179,219,371,378,328,336,295,281,301,205,346,310,191,195,275,172
IL2RG,1429,1183,1600,1519,1765,709,1765,1685,1676,859,1174,1319,1872,1544,2199,1966,1345,1412,1404,1059,1565,1203,1019,1204,1404,797
MAPKAPK2,180,237,221,267,215,354,168,205,245,201,102,205,203,219,233,283,195,242,129,123,116,219,87,225,125,147
PTGS2,177,138,85,97,183,64,49,23,118,48,65,221,111,176,154,49,105,57,157,49,101,131,42,150,137,57
IKZF1,239,201,215,252,186,138,280,268,209,146,121,154,232,231,164,210,148,179,123,108,137,119,77,127,133,63
LEF1,450,336,602,690,485,454,1000,924,310,210,422,421,414,371,89,100,158,129,275,261,355,250,299,402,388,225
MUC1,15,4,17,6,11,3,1,7,13,2,6,2,8,5,10,8,2,5,2,3,1,2,4,3,5,2
C9,0,1,1,2,5,2,1,3,3,2,1,1,1,3,3,2,1,1,0,3,2,1,3,4,6,3
PSMC2,316,256,361,296,318,264,261,289,313,206,228,253,425,352,338,302,234,230,419,311,295,310,222,339,322,213
IL4R,342,270,304,431,152,230,434,507,321,243,306,384,260,344,144,164,316,249,219,208,249,218,224,383,388,206
TAL1,50,37,50,50,187,51,56,45,56,35,35,32,199,91,81,55,65,38,32,17,26,26,19,62,32,12
IL28A,3,5,3,3,4,0,2,4,2,2,4,0,6,4,7,4,2,3,4,3,2,5,3,6,3,0
LTF,4,2,5,6,8,4,0,4,2,1,1,1,2,1,2,8,4,6,3,6,3,1,4,4,3,2
CD36,914,1061,766,1256,284,522,410,792,1100,751,210,936,613,1494,364,1243,951,1035,1888,1486,556,739,151,1012,540,445
CCL26,3,1,4,4,6,2,1,2,2,1,3,2,1,4,4,2,0,1,4,3,2,4,2,3,3,2
MYD88,1904,678,2031,1029,1852,467,1007,569,1616,468,1043,562,2017,911,1819,990,726,670,777,542,707,410,697,618,980,243
STAT4,266,209,255,225,294,199,286,205,274,108,150,170,260,224,328,243,199,201,158,106,208,175,133,111,176,124
RAG2,3,2,0,2,1,2,2,0,1,0,2,2,3,4,5,1,5,4,4,2,2,1,0,7,6,3
NT5E,74,46,89,74,36,36,127,136,58,45,54,72,43,38,22,25,47,52,33,18,57,43,49,73,68,47
HLA-DPB1,2851,2881,4207,4741,3129,3450,2746,3900,4460,3227,3093,4649,2539,3276,3560,5058,3547,3948,4180,4000,3921,3676,1800,3977,3148,2361
SELPLG,35,30,45,52,34,16,39,34,49,16,19,25,27,34,35,39,34,35,42,25,35,16,19,29,20,8
AIRE,11,4,8,7,4,4,6,3,4,7,8,4,20,17,4,8,5,2,7,2,8,5,8,8,7,5
CCR10,3,2,8,7,1,4,4,3,0,1,3,4,6,6,1,2,6,2,4,0,3,1,3,4,1,2
CCR5,90,41,99,45,57,28,50,50,44,19,33,24,103,78,144,61,115,54,92,49,64,29,47,31,83,31
KLRC1,51,78,60,62,62,36,47,36,137,50,20,73,86,106,65,95,39,31,92,57,374,216,77,98,48,31
PLA2G2A,3,1,3,4,1,1,2,3,4,2,1,1,2,0,0,4,3,2,1,3,3,2,0,2,3,1
KIR3DL3,1,2,4,3,3,1,4,1,5,3,0,1,1,3,4,3,2,1,1,1,2,1,1,4,0,1
CXCR1,10,5,3,3,8,2,15,4,18,4,1,3,10,5,4,7,9,3,3,3,14,11,5,2,6,1
TMEM173,430,368,418,372,439,202,408,352,351,245,278,229,476,545,289,420,344,327,506,408,358,271,244,353,323,204
TNFSF12,189,211,191,230,161,134,165,198,213,143,113,160,213,250,153,229,182,201,203,172,177,158,89,162,140,97
PSMB5,100,79,103,102,105,62,118,96,109,43,71,76,118,114,91,84,114,81,147,84,80,64,59,61,78,46
CD3EAP,5,7,6,9,6,4,5,8,5,1,2,2,4,14,6,4,2,4,4,4,3,2,3,4,3,1
EDNRB,5,1,1,0,1,2,2,2,1,0,1,3,3,1,0,1,5,1,1,0,0,0,1,4,2,0
CDH5,4,1,3,3,2,0,4,1,8,0,4,3,0,1,0,3,3,2,1,1,3,1,1,2,0,1
ITLN2,0,1,4,3,1,0,5,2,1,1,0,2,0,2,2,4,2,1,1,1,1,4,0,0,1,3
PSMB7,649,628,760,886,783,690,693,810,941,520,534,726,762,870,636,819,627,651,969,847,698,694,441,791,734,482
CD1A,2,9,5,18,6,9,2,14,7,13,1,4,6,12,6,7,6,10,13,10,9,6,4,11,3,7
CD45RA,679,545,525,646,585,419,723,665,706,274,390,457,472,429,584,696,324,465,365,291,941,730,331,364,476,233
CD69,2325,978,2651,991,3529,1027,1411,984,1921,937,2849,1289,3208,820,2822,964,572,830,803,949,1108,1058,4273,1689,1913,932
CISH,56,15,72,38,71,23,80,16,31,3,44,7,136,56,34,16,19,9,22,6,23,3,24,8,17,2
FAS,80,17,61,21,90,4,49,11,58,12,38,11,97,15,116,32,30,19,36,11,32,9,33,8,64,6
IRF3,21,13,24,19,19,10,22,10,13,11,19,23,24,23,16,23,16,24,25,22,17,10,18,13,21,11
IFNG,42,32,38,34,81,3,29,14,22,11,17,44,40,32,139,117,26,37,42,48,60,51,45,37,28,19
NFKB1,145,103,151,126,128,132,115,104,109,59,73,57,132,105,84,59,72,33,90,67,84,72,57,93,82,32
MAP4K4,474,513,493,565,419,391,348,440,373,322,298,446,418,435,333,392,275,342,359,352,328,451,210,347,300,270
LITAF,452,542,336,420,418,546,418,488,551,269,170,324,270,369,510,784,345,489,478,414,663,790,284,510,426,377
KLRD1,379,286,236,241,374,115,275,196,564,149,100,146,238,268,619,768,336,389,330,283,733,648,232,228,418,177
CCR8,10,6,4,1,2,2,10,4,9,2,7,1,15,17,6,4,7,4,13,4,8,5,12,6,6,0
IL19,5,2,2,4,3,4,2,1,7,0,1,0,3,2,1,2,6,1,3,3,2,4,6,1,4,2
CFH,58,63,71,43,125,36,30,28,43,46,54,46,112,74,187,92,65,78,41,51,46,33,45,36,37,27
IL18RAP,128,115,97,76,297,72,61,62,303,69,25,53,94,97,152,101,97,112,64,47,145,126,52,53,109,86
CLEC4A,301,351,274,389,122,209,173,253,394,223,98,261,208,461,181,447,310,303,387,341,219,208,69,280,310,180
KLRF1,350,366,183,166,289,132,273,206,922,218,85,215,352,426,539,735,308,402,238,183,792,678,181,166,400,155
EBI3,6,1,5,2,6,3,6,3,8,1,2,0,4,3,4,3,4,2,3,2,6,7,3,7,5,1
BCL2,122,129,196,218,202,118,202,222,137,100,150,135,165,118,101,98,79,83,75,107,77,119,105,177,112,80
HLA-DQA1,825,997,4,1,851,973,1,3,1733,1275,3,1,490,665,10,4,1162,1123,2169,2138,1028,790,5,6,970,678
IL4,4,2,5,2,4,1,3,4,5,0,3,0,6,1,3,6,2,2,3,1,4,1,5,4,5,3
CD70,7,1,4,2,5,4,6,2,8,3,0,3,9,4,10,9,5,3,4,5,3,4,2,4,11,2
CXCL10,24212,14,12569,75,16834,6,13052,17,15860,20,11598,12,18896,57,26017,92,53,9,347,48,3823,16,7966,21,15154,6
SMAD3,278,142,192,141,150,89,165,111,139,79,102,87,202,111,159,110,113,84,104,61,125,82,92,67,124,38
NFATC2,501,409,329,328,443,181,339,326,433,175,198,227,469,339,423,380,223,308,228,174,371,290,197,261,242,149
ITGA2B,162,118,196,143,528,181,122,97,181,99,107,63,599,272,298,207,185,197,112,96,66,66,73,268,115,41
PIGR,5,2,5,3,5,3,1,3,4,1,3,3,3,5,5,3,3,4,3,3,3,1,2,3,7,0
CCL16,5,0,2,1,3,1,4,3,4,3,0,4,5,1,6,1,1,2,1,2,3,2,2,3,2,1
CCL8,1136,0,336,1,1183,0,789,1,881,0,349,2,1553,4,1091,1,20,2,20,2,302,1,258,1,549,1
EGR1,225,237,144,211,62,254,55,54,102,67,35,162,122,148,75,160,47,110,185,111,123,196,24,220,60,20
XCR1,5,7,7,3,4,2,3,4,3,3,8,1,6,7,6,3,4,5,3,1,1,1,2,6,4,3
NCR1,85,75,70,76,103,69,92,83,301,62,34,73,101,122,126,201,70,121,109,93,248,271,78,98,139,72
ICOSLG,49,44,32,41,48,72,34,51,34,28,46,80,26,17,37,21,16,23,15,17,15,43,17,40,21,21
CSF2,1,1,3,1,2,0,6,2,2,1,1,2,3,3,4,2,0,0,4,0,0,2,2,6,6,5
ATG16L1,64,103,75,80,60,109,69,101,59,46,33,73,65,88,58,77,61,72,88,77,67,124,37,96,79,76
KIR_Inhibiting_Subgroup_2,36,27,39,32,87,30,67,45,193,42,14,47,31,51,77,86,26,48,25,14,111,154,46,56,45,24
HP HPR 1,93,72,91,80,27,9,12,15,40,13,7,30,27,59,52,65,2,3,49,39,18,23,13,21,48,21
IL20,1,3,1,1,6,10,3,3,5,4,5,1,2,0,3,3,0,6,12,3,7,7,5,6,3,8
TRAF5,88,69,71,89,69,49,109,108,98,60,65,77,95,83,52,54,73,48,67,58,79,39,74,67,61,30
CCND3,451,307,419,401,466,293,353,453,404,211,217,222,534,362,430,411,244,306,219,260,228,292,189,310,301,175
CD9,47,47,45,50,113,83,69,61,77,45,40,66,200,154,40,77,41,48,83,90,34,36,27,95,50,37
PSMB8,2286,752,2879,1238,4061,662,1733,1093,2104,624,2203,939,3281,1202,3187,1486,1022,1007,1524,1073,1468,824,1832,990,2457,657
CD38,485,90,792,218,1300,55,207,86,526,93,463,121,820,135,1087,219,75,103,167,91,206,148,422,105,378,59
TIRAP,24,20,22,20,20,7,13,17,12,9,5,12,10,25,22,11,13,22,18,17,12,17,17,19,15,7
GFI1,77,96,90,99,95,63,109,76,99,51,30,54,49,59,241,249,120,134,101,79,151,137,65,92,97,83
CLEC5A,15,43,28,51,14,23,21,23,33,25,7,19,19,67,14,34,26,32,48,47,33,38,6,23,13,17
TLR5,46,52,52,64,30,20,31,36,56,34,18,33,29,67,33,72,34,49,54,48,29,18,12,31,30,17
IRAK2,52,57,37,49,62,69,48,37,65,36,28,39,47,53,48,49,40,49,41,22,56,35,32,35,65,36
CD74,6103,5620,7422,7384,5334,5304,4483,6247,7275,5596,5165,7213,4676,5030,4539,6260,4348,4654,5277,4879,4334,4522,3079,6110,4199,3060
TIGIT,157,107,120,102,178,49,145,139,188,96,134,128,218,176,308,214,108,100,210,177,271,150,120,114,129,59
ITGAX,422,502,392,658,219,282,257,266,368,210,97,242,373,440,239,490,297,394,336,309,369,419,120,306,280,180
CD45R0,2336,1390,2156,1554,2265,390,1508,1275,2070,1086,1500,1210,3158,2482,2697,1747,1758,1440,2534,1919,1140,639,1377,1463,1711,748
CXCL11,230,2,272,11,584,5,72,5,59,9,265,3,279,6,970,17,4,3,13,17,19,10,98,14,73,10
ITGAL,734,768,547,851,462,424,485,498,669,324,178,352,610,651,611,987,475,629,581,412,532,566,285,426,326,275
ENTPD1,27,33,17,23,11,9,16,14,17,11,4,12,15,15,5,13,9,17,16,24,19,21,11,15,19,16
B2M,91336,68931,124290,99371,124139,68608,84129,91249,104848,56809,71591,68147,110710,90233,127463,124146,76036,81554,75374,65728,64245,60349,50027,70245,72261,44550
TOLLIP,135,120,187,153,181,102,102,107,146,90,75,75,158,149,126,152,125,108,191,158,149,86,95,142,155,72
IL1R2,30,27,48,34,45,27,41,42,26,20,26,15,42,44,56,49,30,34,51,45,35,36,30,55,48,43
MX1,16180,277,11889,768,16760,158,6651,389,6226,307,10327,386,19802,880,15065,631,922,146,1847,284,4404,288,7357,398,7745,194
IRF4,144,102,157,108,246,99,109,128,103,85,228,90,244,112,128,67,85,74,76,62,98,103,148,97,83,54
TBX21,345,254,242,202,486,147,262,178,457,98,80,133,283,210,712,600,273,325,318,181,445,453,220,189,350,221
IFNAR2,674,466,674,577,601,438,527,546,689,333,459,548,651,657,443,508,408,371,583,440,510,462,353,513,498,296
TLR4,818,583,779,481,670,252,239,264,763,227,285,425,457,559,511,481,356,319,350,278,304,275,93,271,325,122
HLA-DRB1,207,245,329,331,147,191,146,185,177,105,109,224,148,245,236,355,280,300,604,546,425,485,27,93,72,69
PML,521,76,446,105,614,50,200,55,239,57,260,59,529,67,442,87,91,46,119,55,162,75,216,62,222,44
C1S,2,3,7,4,8,4,4,4,9,3,2,0,4,5,4,5,2,5,5,5,7,2,6,8,6,1
BATF3,124,41,164,62,170,22,68,44,124,34,104,32,184,39,137,75,59,64,63,41,35,22,58,45,67,22
SPTBN1,474,519,478,720,328,461,669,845,413,354,300,466,306,418,251,464,222,255,392,359,562,455,283,450,547,459
CD80,17,10,13,14,28,5,14,15,13,2,8,6,19,11,16,11,7,12,4,12,13,13,5,12,13,8
KIR_Activating_Subgroup_1,42,55,27,33,35,24,38,33,162,33,11,32,44,60,60,96,34,57,32,33,74,80,25,27,22,20
PECAM1,1533,1593,1241,1606,799,721,862,950,1661,842,513,849,1265,1851,1008,1596,1064,1435,1688,1351,951,818,485,1168,1048,609
NFKB2,227,171,175,176,147,133,138,111,143,80,99,117,150,124,125,92,89,94,159,121,116,92,94,90,108,88
IRF7,770,93,949,131,1078,30,394,61,499,62,555,59,859,125,817,124,118,46,128,47,183,54,340,60,405,28
IFNGR1,812,868,652,866,495,860,408,554,814,660,347,576,598,1091,490,993,998,932,1181,989,531,800,221,738,592,502
DUSP4,15,18,18,13,22,96,9,21,28,16,16,18,21,24,10,17,14,18,25,20,17,25,21,40,17,25
HLA-A,4172,3125,5172,4418,5635,3356,4065,4440,4814,2682,3511,3454,4427,3666,4973,5055,3603,4149,3506,2926,2744,2588,2027,2945,3456,2212
STAT5A,218,193,278,251,280,116,200,172,171,107,125,119,286,221,163,152,163,110,193,130,127,99,111,123,140,66
HLA-DMB,480,547,655,879,363,330,396,580,799,527,403,669,352,652,378,686,679,640,662,582,437,447,189,461,443,297
IL12B,4,7,6,6,5,4,5,5,6,3,1,0,3,7,6,6,2,2,4,12,12,3,8,9,12,2
PSMB10,425,226,648,422,691,130,329,253,436,204,360,230,582,346,507,396,234,248,374,288,273,213,230,197,328,129
PTAFR,170,163,221,103,166,43,63,119,208,78,78,107,127,154,109,111,169,106,149,83,57,72,13,80,74,36
STAT6,550,479,611,591,513,193,470,367,536,305,258,352,474,512,403,437,336,397,400,316,326,235,220,281,318,144
CD83,610,841,637,497,466,855,179,439,691,440,423,1078,270,291,378,366,285,181,236,173,262,494,438,1003,275,573
ATG12,25,10,25,19,16,5,13,9,24,12,17,13,15,15,14,18,18,19,20,10,16,15,11,21,19,12
EGR2,199,90,152,54,140,96,75,30,152,31,66,141,109,112,136,41,82,28,116,38,123,77,27,82,92,19
ITLN1,6,7,12,6,5,4,7,5,9,5,1,4,3,5,36,25,15,8,15,6,11,5,12,13,3,5
IL1RL2,6,6,13,5,8,11,10,3,8,1,1,1,1,8,5,11,4,5,6,7,7,11,2,9,8,7
IRF8,644,344,838,469,681,173,421,428,815,360,547,369,507,384,469,310,302,235,304,219,250,229,265,249,396,154
NCF4,207,149,247,146,212,58,112,100,167,88,114,123,154,162,159,167,145,158,196,172,129,110,82,138,148,71
NFATC1,81,70,54,75,61,39,75,75,64,43,46,50,67,67,32,52,34,48,41,55,49,40,42,79,44,30
KLRC3,99,136,87,132,160,99,219,161,216,72,106,276,119,147,288,341,58,73,121,100,574,431,93,93,212,100
CD86,287,125,319,184,202,71,102,72,332,98,104,85,310,225,288,206,130,153,275,192,197,131,96,125,254,97
CD1D,225,143,227,208,183,80,115,77,192,93,92,120,269,227,149,183,127,137,229,177,116,99,87,68,213,63
CXCL2,100,186,138,125,153,344,53,54,239,159,88,415,108,155,72,139,114,153,218,75,126,529,36,705,88,156
XBP1,288,249,372,383,390,237,278,319,450,212,229,258,441,387,325,331,294,314,248,216,280,279,190,278,251,158
CD209,3,6,8,5,7,2,8,4,8,3,5,5,4,6,8,6,6,2,4,7,8,9,8,7,7,5
TNFRSF9,10,2,4,4,3,1,6,7,6,5,4,10,5,8,7,8,9,6,7,5,5,6,6,2,2,2
GBP5,1548,93,1916,299,2070,76,704,111,763,79,955,65,1649,156,1944,209,155,101,216,123,225,78,497,100,483,73
TNFSF11,4,4,4,1,6,2,5,5,6,3,1,5,7,10,3,3,2,4,4,7,11,3,2,5,5,3
LCK,445,397,462,470,365,278,681,673,466,266,247,378,400,486,436,563,410,379,703,477,762,462,405,465,692,325
CXCL13,3,1,4,1,5,0,3,0,1,1,2,2,2,4,4,2,3,2,2,0,4,3,3,2,6,2
CTLA4-TM,80,31,56,32,122,46,34,42,38,20,69,36,64,42,60,28,23,25,22,28,29,34,74,44,46,46
IL26,5,3,9,3,5,5,9,6,6,4,3,3,6,4,5,7,2,7,5,5,2,4,5,5,14,3
BCL3,192,91,176,94,190,164,73,53,135,75,104,102,111,64,147,100,39,68,48,62,32,70,39,53,49,45
IL7R,1588,1175,906,1592,843,896,1949,2167,1415,975,808,853,2640,3105,877,660,1622,1062,1279,1071,1288,702,799,881,1082,639
DPP4,48,55,52,87,44,47,64,85,55,56,42,62,59,62,24,33,38,37,67,54,66,58,43,116,70,47
IL6,36,8,20,11,82,4,21,3,48,5,23,5,34,6,45,8,9,7,11,5,15,5,29,6,32,2
CXCR6,20,16,14,12,11,44,12,14,24,24,9,19,13,21,23,14,41,13,28,19,32,24,6,16,61,46
CFD,178,156,174,204,101,111,69,112,258,149,86,151,211,272,117,216,159,202,159,159,116,113,38,173,112,77
CCL4,268,147,115,120,470,180,128,145,268,150,100,314,166,161,401,339,101,134,114,94,285,602,99,117,131,96
DEFB103A,3,3,4,2,9,4,2,4,4,2,2,5,7,1,5,6,5,1,5,3,2,4,4,6,4,1
LILRA1,339,213,304,311,133,89,109,116,267,130,54,101,305,262,136,232,114,174,208,186,136,108,67,122,158,76
NOS2,2,3,7,3,4,4,4,1,6,5,1,1,6,6,2,2,5,8,4,3,4,1,4,7,6,6
SLAMF7,119,67,148,95,166,22,98,69,132,40,40,39,97,92,216,139,99,99,121,56,119,80,57,47,87,33
LTBR,175,136,228,195,141,61,59,90,170,108,90,79,149,171,112,175,108,113,191,125,86,70,36,103,99,52
IRF5,160,94,159,161,141,48,98,59,112,81,72,54,148,139,140,119,93,98,93,65,57,30,36,20,50,13
ITGA4,586,454,602,574,404,285,404,399,523,288,385,387,500,426,582,587,365,463,332,272,305,235,218,309,262,138
PDCD2,31,32,34,50,36,35,37,56,35,33,26,34,47,52,33,42,32,35,36,45,27,32,15,41,30,29
CDKN1A,279,188,295,207,205,222,76,102,289,131,129,194,258,182,263,264,125,181,119,137,119,168,85,248,119,109
IGF2R,184,170,140,134,129,79,104,99,144,62,67,76,115,106,133,136,66,127,86,76,111,111,45,67,64,54
SERPING1,873,22,1139,137,1001,18,260,27,376,23,415,26,807,62,773,129,22,28,64,22,117,37,129,32,226,19
PTPN2,211,116,224,167,297,105,146,147,217,106,163,133,233,173,228,188,133,120,156,124,107,89,100,100,115,72
CCR6,43,32,35,21,39,31,39,33,52,22,36,10,60,50,29,20,34,20,25,27,44,36,63,35,57,13
HLA-DRA,9807,9668,15679,16778,9888,10996,7925,11568,17105,11683,9331,13720,7498,10487,8229,12737,9953,10157,11010,9977,9501,9876,4941,11657,8738,6858
GPI,225,238,220,277,178,191,182,251,265,184,90,192,188,262,151,273,171,200,201,190,148,143,85,197,131,96
CD46,1049,781,1114,1147,861,596,816,699,522,343,494,672,1026,998,825,963,642,666,979,702,696,640,477,750,855,455
RORC,9,20,15,15,9,14,13,16,23,17,9,5,19,36,11,9,7,6,17,7,36,22,5,11,40,26
KIR3DL2,15,15,10,12,22,16,13,13,29,7,5,8,12,10,29,24,9,13,12,14,50,47,14,19,9,4
PSMB9,2521,634,2757,1100,3781,383,1563,783,2070,500,1768,520,2980,902,3054,1114,925,761,1307,787,1167,595,1536,614,2140,382
PTGER4,104,131,120,124,145,114,58,86,115,57,116,85,114,110,138,111,105,83,125,68,69,129,97,138,83,103
C6,4,2,8,5,11,8,10,5,16,7,5,2,6,6,5,11,4,5,3,11,4,4,2,7,10,8
TNFSF13B,1836,307,1860,675,1633,192,857,280,1622,313,819,326,1941,652,1785,683,441,360,844,489,869,304,590,334,1773,245
PTPN22,248,204,221,250,161,148,229,206,282,149,128,147,158,291,235,345,244,213,250,127,252,161,105,130,176,103
PTK2,100,83,118,93,187,94,121,119,69,50,83,101,180,121,86,94,71,82,63,48,60,64,35,69,72,37
GPC3,5,4,6,6,5,4,9,8,4,1,5,8,7,12,3,7,6,4,7,6,3,2,5,1,1,8
LAMP3,464,9,1203,26,1801,7,204,19,128,9,1142,4,1726,28,817,16,10,5,11,7,36,4,521,4,164,11
FCGR2A,1317,748,1851,1331,1205,337,394,405,1108,406,549,575,933,849,829,949,581,733,956,804,541,555,180,705,841,362
IFI16,2483,327,2333,517,3026,113,1495,314,1698,217,1634,275,3312,665,2846,492,573,324,842,413,1068,257,1528,271,1872,153
POU2F2,218,193,269,291,106,114,133,151,183,165,84,133,174,236,126,203,157,144,187,139,108,107,66,164,96,84
LILRA2,224,231,315,337,152,136,72,115,290,189,59,179,263,324,148,281,235,303,270,257,130,127,45,194,178,102
NOD1,127,54,102,59,172,41,68,51,78,28,92,48,121,62,122,53,51,42,45,33,59,40,67,33,54,16
sCTLA4,57,46,63,44,101,35,53,51,51,30,65,38,84,64,88,57,38,34,18,31,21,33,41,47,33,28
PDGFRB,17,12,26,12,59,7,28,12,82,13,12,15,29,16,43,28,4,9,13,7,30,24,25,16,11,6
UBE2L3,112,84,114,96,119,45,81,70,94,47,68,47,129,98,130,132,61,88,66,43,63,40,49,51,83,34
IL27,19,2,19,2,16,5,7,4,6,1,15,1,17,3,10,6,4,0,3,8,2,2,4,6,10,3
TNFRSF17,29,14,54,27,51,11,24,11,31,14,101,46,52,53,9,4,27,17,42,19,65,37,44,34,47,9
GBP1,4513,96,4725,475,5872,34,1997,140,2404,66,2989,90,5790,255,5618,313,245,97,432,142,729,58,1563,105,1545,33
CD24,54,15,36,23,88,8,57,39,66,30,89,21,37,17,16,8,26,17,12,11,50,16,84,22,50,21
IL21,4,2,3,3,4,0,3,3,5,5,2,3,5,4,7,1,2,3,2,8,8,2,6,3,5,4
CD34,1,0,2,1,8,2,3,4,2,0,3,0,4,2,4,2,0,4,4,2,1,1,2,4,1,4
TNFSF8,111,93,126,170,105,193,97,156,117,89,97,104,118,157,74,89,88,87,117,115,60,129,56,131,105,90
C1R,8,5,11,4,7,8,5,7,9,1,4,0,7,7,5,4,6,5,2,7,8,4,4,2,5,2
C8B,4,0,4,2,5,1,2,5,1,1,2,0,2,4,2,1,2,1,1,2,4,1,5,5,1,1
IL29,1,3,4,0,1,0,1,0,2,2,1,2,0,1,2,3,3,0,4,3,4,3,5,4,3,3
IKZF3,193,156,131,140,183,71,153,138,148,85,91,115,158,127,190,192,135,127,114,72,136,85,96,89,105,69
GPR183,680,867,475,379,662,769,536,784,795,647,655,966,641,880,457,309,675,435,496,279,397,613,576,855,538,547
IL2,2,4,4,4,2,0,1,3,4,2,3,3,1,7,0,2,1,2,2,1,2,4,0,3,2,4
LAIR1,265,202,283,250,150,103,220,207,260,172,136,165,161,267,158,311,187,186,341,186,246,140,112,202,200,99
AHR,1076,947,1145,681,677,806,345,735,1116,474,609,701,840,912,482,634,751,561,582,585,371,606,241,992,345,420
IKBKG,173,106,132,136,163,66,105,96,125,86,75,90,163,127,128,123,104,79,121,73,86,66,52,78,98,58
BCAP31,316,299,394,405,462,222,373,360,396,242,258,271,482,436,433,398,296,316,324,305,289,282,201,310,333,183
CD8B,111,102,137,134,116,149,208,290,34,26,47,72,26,18,31,82,116,128,66,64,64,49,45,65,84,54
CCL24,5,8,9,4,5,1,2,5,2,4,1,6,7,2,2,5,5,9,3,3,3,3,3,6,4,2
CEACAM8,2,5,4,3,1,4,3,3,1,1,4,2,4,1,1,7,3,0,5,3,1,2,2,4,6,2
AMMECR1,80,75,82,87,80,51,82,85,73,47,54,39,99,98,68,74,52,74,96,88,85,73,76,112,60,45
CD14,2068,1190,2122,1175,1507,705,654,778,2241,749,799,1349,1774,1890,1377,1366,1007,858,1558,1109,1093,1040,304,1140,1252,509
ITGA5,195,288,164,234,120,243,145,188,208,109,58,148,173,289,173,253,190,234,293,208,184,167,57,162,127,71
CD55,15,12,12,16,19,5,9,9,14,7,6,8,13,12,5,14,6,10,17,7,10,6,11,6,15,4
CD164,1378,741,1738,849,1922,561,1247,848,1426,529,1314,622,2138,1045,1834,1050,813,773,1089,805,1101,773,1345,792,1530,482
ARG2,4,3,6,3,17,7,8,9,1,3,4,1,19,6,12,8,2,5,1,1,4,8,3,3,2,1
BATF,116,44,100,59,151,23,100,52,103,32,115,40,160,89,111,100,70,53,73,60,77,46,71,47,84,15
MSR1,133,12,713,98,858,22,176,22,149,21,264,16,241,23,639,125,13,15,103,86,168,64,69,29,255,15
CSF1R,21,21,22,31,5,11,15,20,23,20,13,12,13,36,20,34,20,25,53,33,26,21,8,25,17,19
IL5,1,2,3,1,4,1,2,1,2,0,0,1,1,2,1,3,1,4,1,2,4,1,4,7,0,2
IRAK1,121,169,154,175,150,143,115,188,153,106,92,127,141,168,110,192,112,141,111,106,106,134,77,147,96,84
IFNB1,2,1,5,2,8,1,2,1,4,3,1,0,5,3,5,6,3,1,3,4,1,0,2,1,5,2
TNFRSF1B,678,886,689,1029,396,458,296,439,702,470,193,451,524,788,395,848,532,662,538,425,348,407,118,436,217,189
CASP8,615,429,443,496,435,240,412,360,424,208,283,300,553,481,423,365,359,261,478,305,332,334,303,260,330,152
IFIT2,4367,60,841,54,1019,38,700,21,1104,18,596,20,4189,161,1165,76,82,16,449,28,488,18,363,15,652,20
LILRB3,457,267,502,404,394,117,179,162,366,174,185,175,356,301,350,348,186,224,247,201,173,177,93,183,227,81
NLRP3,464,320,465,231,340,255,100,141,328,142,228,262,283,222,279,191,143,159,140,119,107,168,73,233,146,93
JAK2,1299,325,1363,577,1206,190,497,250,712,233,561,270,1154,413,1146,541,292,285,451,300,344,195,303,238,459,122
CSF2RB,351,129,451,242,509,159,158,143,258,103,162,119,253,171,347,189,119,147,219,234,209,222,176,267,257,105
CCL3,218,122,169,145,260,135,113,82,165,129,74,291,214,246,120,116,65,64,231,149,309,202,68,144,107,41
CLEC6A,99,67,64,49,49,8,29,27,32,15,21,20,27,11,44,53,21,22,25,9,19,17,8,11,32,11
IL9,2,3,0,2,5,0,4,1,0,1,1,3,3,3,2,2,0,0,2,1,1,0,2,3,4,0
CX3CL1,8,8,4,6,2,4,8,7,7,4,0,2,3,6,3,4,1,5,3,4,2,1,5,2,2,1
TNFSF4,45,29,46,34,187,49,81,70,73,34,64,27,259,115,63,55,41,49,32,21,32,24,20,53,23,13
BTLA,258,128,171,182,153,57,295,262,182,145,328,200,272,196,100,75,172,93,117,68,157,69,225,166,258,63
C2,27,13,55,35,34,10,17,11,23,18,9,10,26,16,46,43,6,15,21,28,8,10,4,14,16,11
IL6ST,702,471,770,790,673,708,681,790,434,286,485,440,711,465,335,217,198,212,312,347,339,422,289,369,375,360
BCL10,387,468,407,397,387,417,237,326,375,271,266,479,382,328,341,406,236,303,325,318,247,462,222,480,280,275
PAX5,104,62,53,52,99,34,73,103,87,62,154,118,79,25,57,28,21,31,26,18,52,32,92,83,77,40
IFNA2,9,11,5,3,7,5,6,10,9,4,4,7,6,7,9,7,2,2,3,4,2,1,2,5,2,6
CD276,8,11,11,13,10,5,12,10,14,4,3,3,5,11,5,13,4,7,5,6,1,5,3,8,7,5
CD58,271,317,231,296,218,314,159,244,305,204,140,264,262,440,277,425,297,348,362,387,266,295,148,370,278,195
FKBP5,749,567,616,784,603,555,421,533,511,280,331,263,684,499,466,601,340,533,571,851,387,597,362,660,409,281
IRF1,2071,556,1844,731,2063,356,1644,509,2048,299,1552,583,1713,421,1900,681,461,405,375,245,620,384,746,297,905,197
ATM,10,13,24,28,16,18,10,8,8,10,10,15,25,11,7,7,8,2,11,5,12,9,12,10,7,8
TSPAN13,78,65,101,96,104,31,105,143,140,95,212,135,83,47,44,52,75,64,51,51,38,41,110,136,145,61
IL2RB,297,326,210,245,260,161,248,212,633,178,84,189,333,331,274,430,191,287,219,150,402,358,166,234,257,134
CCL19,9,9,8,5,9,2,2,3,7,2,5,3,5,4,7,4,2,2,5,8,2,0,1,5,4,2
IFI35,779,56,1032,125,1253,30,312,59,382,50,723,71,1138,131,975,151,86,64,121,70,219,49,381,61,439,28
CCL11,6,9,12,8,8,4,9,5,7,4,3,2,5,10,6,8,4,6,2,11,6,3,6,8,10,2
HLA-DMA,342,403,505,590,355,473,273,417,597,433,328,599,288,369,260,544,346,398,424,322,291,296,140,389,264,210
LILRB2,652,472,845,768,480,256,213,197,444,257,176,220,619,664,307,446,261,389,441,362,201,195,130,257,349,149
KLRC4,125,107,69,132,114,140,253,285,99,44,35,130,67,84,165,249,247,296,110,79,229,220,44,46,144,123
KLRG1,74,94,75,106,83,54,74,81,75,42,31,69,71,99,370,385,192,202,220,189,124,69,44,54,150,92
MAF,33,14,18,15,39,13,19,9,31,8,14,10,35,16,35,21,12,11,17,16,17,9,24,16,17,13
HLA-DPA1,2836,2867,4114,4304,2568,2490,2797,4013,4062,2891,2254,3379,2421,2853,3215,4656,3114,3439,2511,2345,2028,1921,1278,2938,1701,1216
TNFAIP6,27,8,19,10,21,3,16,8,11,4,11,5,12,8,23,8,12,11,14,5,5,3,5,8,21,4
LTB4R,37,54,37,67,46,33,26,46,52,28,17,28,36,49,37,53,30,42,43,32,21,26,20,37,34,19
IL13,4,7,7,5,5,8,3,4,6,5,5,0,3,2,1,6,4,5,3,2,3,5,3,2,4,4
CD247,754,608,683,528,981,554,948,720,1252,388,446,521,811,809,852,759,700,696,482,323,1031,880,455,357,631,346
CASP2,150,151,150,173,114,53,142,110,110,56,81,70,166,213,92,109,111,94,120,76,123,73,74,86,81,50
ITGB2,1505,1567,1706,2216,1208,1257,940,1178,2323,1303,659,1477,1411,1963,1316,2237,1352,1752,1304,1172,856,994,448,1136,985,693
TAPBP,760,527,885,658,970,383,557,538,602,350,519,430,682,433,776,591,369,454,548,433,493,493,472,638,506,279
IL1R1,7,10,5,8,13,7,5,7,11,7,1,4,10,9,7,8,8,5,11,13,3,7,7,13,13,4
C1QBP,449,477,571,687,560,583,622,852,675,447,501,623,556,697,351,594,398,531,607,557,501,553,375,601,518,437
PTPRC_all,6892,4906,6204,5646,5858,2265,5396,4649,5573,2888,3846,4232,5982,5354,6532,6128,4135,4548,5488,4611,5146,3535,2676,3803,4363,2301
S100A9,17792,18001,18281,17384,14540,8869,6211,11195,17219,10563,8248,14638,17104,21586,9872,16474,11929,13767,15555,15512,5788,9552,2964,12564,11417,8170
MAPK11,11,10,8,8,5,6,5,4,12,10,7,5,5,7,6,8,11,5,11,6,4,7,13,16,12,7
GP1BB,34,39,33,26,108,37,26,29,46,19,29,18,120,52,34,51,43,47,33,31,25,27,26,82,26,24
CLU,0,4,8,5,2,3,8,1,7,2,1,1,4,7,7,6,3,3,6,7,4,5,5,10,3,2
MBL2,8,2,3,4,4,4,4,2,5,3,1,0,3,5,3,8,1,6,3,4,2,3,2,9,3,1
FCER1G,1103,1017,1485,1427,1330,721,480,579,1164,613,426,712,1221,1243,906,1219,848,920,1082,941,461,534,267,858,643,361
C1QA,13,16,8,7,5,4,11,4,8,7,7,1,3,7,4,12,7,11,16,10,7,6,2,4,4,4
SLC2A1,15,21,7,11,15,27,14,27,15,15,7,26,12,14,14,27,23,14,11,20,17,17,17,25,19,19
VCAM1,2,3,6,1,4,4,3,4,5,3,3,3,4,2,16,12,3,7,2,2,6,4,6,3,4,1
IL18,45,56,28,45,7,20,30,24,67,47,14,34,22,50,19,56,37,36,69,51,32,39,11,25,36,13
KLRAP1,20,10,16,11,14,5,19,10,11,5,14,14,6,9,34,56,8,11,33,19,56,53,7,9,30,12
CCL18,8,7,7,1,3,4,10,7,9,6,0,3,2,8,0,3,1,2,3,4,4,3,2,2,8,2
IL1RAP,70,55,64,50,63,56,37,42,61,34,31,39,66,46,58,30,26,37,34,29,22,29,48,45,47,21
NOD2,286,142,237,141,217,132,97,53,168,91,84,110,252,152,182,108,89,103,177,108,75,80,74,102,123,38
TGFB1,1011,741,1046,869,1393,877,679,662,881,494,526,581,1218,817,955,986,533,716,568,484,540,600,353,595,544,367
NFKBIA,3829,5831,5171,7205,3755,5326,1778,5400,4385,4856,2485,5549,2822,3404,2967,6275,1786,4614,2742,4806,1881,3769,1189,3778,1804,3316
HRAS,17,20,19,25,20,14,27,22,23,10,10,17,17,29,12,24,14,17,15,16,13,10,7,17,17,18
DEFB103B,7,10,8,6,6,5,5,4,6,3,2,3,8,3,5,2,3,1,2,2,5,4,5,5,2,8
ADA,106,99,82,122,82,74,98,97,85,57,34,45,74,87,77,85,85,77,77,75,71,44,52,56,78,44
TAGAP,2053,934,1523,958,1238,461,1556,976,1680,674,1413,1219,2402,1552,1685,841,1117,706,1197,764,1678,833,1733,1171,1677,545
ICAM1,207,154,210,160,226,148,107,87,247,83,117,124,177,87,171,144,51,84,116,118,63,154,87,160,106,113
IFITM1,17379,3171,28046,5015,29281,3259,12877,5260,12985,2461,19843,3697,25452,4787,30033,6797,3425,3390,3592,2235,7190,3265,14523,4004,15090,2320
RELB,73,65,94,86,92,116,55,65,109,65,57,89,74,58,73,70,59,55,99,68,45,82,37,74,49,53
XCL1,11,7,13,4,9,7,8,6,11,4,1,2,8,6,15,10,6,12,8,11,3,4,4,13,8,2
CD160,80,90,109,129,78,47,94,113,355,130,30,57,137,135,172,281,129,186,144,107,205,216,70,69,150,57
S1PR1,70,55,62,64,63,154,90,90,54,41,32,93,65,76,50,37,86,43,59,45,51,35,39,45,45,34
TGFBR2,554,506,566,616,468,622,610,733,468,297,358,456,386,439,390,427,378,405,331,288,347,317,173,255,307,217
CD163,386,151,322,143,294,68,98,51,197,71,113,86,383,160,245,166,93,104,129,109,91,88,40,84,158,40
CXCR3,42,71,44,58,30,139,39,68,39,36,20,26,70,127,27,47,104,47,108,52,44,21,28,36,31,28
BLNK,69,33,44,25,56,13,51,27,57,31,83,46,51,27,38,16,26,26,21,27,33,18,50,18,50,16
KLRG2,5,0,7,3,6,3,5,3,7,1,2,1,4,4,3,5,5,3,8,6,5,2,7,7,7,4
HLA-B,7211,6038,9045,7722,9273,5362,6383,6970,8441,4939,4665,5249,8763,7448,9733,9548,6396,7031,7048,6249,7028,7126,5351,8067,6780,5044
CD244,201,332,103,255,114,83,167,172,407,169,53,190,152,319,263,520,235,276,358,263,417,353,96,176,259,147
CXCL12,9,10,9,9,10,3,11,8,6,5,3,3,6,6,6,5,7,9,7,12,3,5,3,7,5,4
KCNJ2,26,14,13,14,26,6,21,2,27,11,4,8,16,23,20,9,11,11,18,15,11,6,6,12,20,9
S100A8,10706,9909,10829,8838,9391,4725,3386,5910,8918,5139,4717,7857,9790,12448,5765,9118,6709,7567,9028,8627,2988,4895,1615,7208,6085,4162
TNFSF15,12,10,13,11,9,3,3,8,19,4,5,7,4,15,4,5,13,4,7,8,14,6,3,5,7,7
IL6R,171,132,204,204,134,84,184,163,176,91,87,111,214,258,112,129,105,89,212,162,118,69,90,138,123,53
CLEC4E,615,243,436,308,252,45,148,126,407,131,155,162,466,344,327,293,258,219,243,261,194,161,68,121,354,80
CD28,198,174,197,153,169,247,217,252,163,122,180,203,251,240,94,68,143,112,126,106,83,110,116,135,116,103
IL15RA,274,92,216,128,269,92,146,77,158,79,119,60,281,122,314,141,86,92,109,99,119,110,172,118,129,64
C4A/B,9,11,6,10,5,5,7,4,5,2,1,2,5,8,6,10,5,5,5,4,7,2,3,2,8,6
LCP2,1793,994,1736,1481,1640,718,1213,1002,1378,567,684,664,1683,1060,1356,1036,682,703,909,662,860,673,583,752,886,415
GZMK,241,441,325,426,290,331,183,446,326,426,218,464,322,485,516,655,891,724,895,889,290,248,202,670,424,528
IL12A,20,12,17,16,15,18,15,22,14,10,17,8,17,6,13,22,11,16,15,11,8,7,5,11,5,11
TYK2,178,183,154,188,143,84,139,114,157,102,70,73,124,170,81,146,114,115,202,155,151,121,76,131,135,75
FCGR1A/B,147,10,117,25,102,6,58,4,138,5,60,7,77,15,82,14,5,9,17,8,23,5,15,8,35,4
KLRB1,329,393,638,664,762,958,537,614,1933,1081,220,526,910,1247,1245,1581,1074,1155,966,772,1512,1446,757,1197,1941,2087
CD79B,201,190,132,184,105,32,287,273,273,199,333,411,148,166,109,155,206,153,171,117,160,67,140,171,207,66
SH2D1A,134,136,183,160,184,82,219,200,227,79,129,142,220,223,262,237,204,120,371,232,263,112,183,134,247,85
TLR8,322,237,287,247,204,62,137,106,333,124,78,112,201,337,233,221,214,260,312,207,159,75,49,118,135,38
IL7,17,10,7,5,15,2,16,6,7,5,9,2,8,4,8,5,9,7,9,5,12,4,14,9,10,4
CD274,54,13,65,13,133,8,40,9,39,10,55,5,100,11,100,11,4,7,10,10,18,5,40,6,37,3
FCGR3A/B,3694,2987,2466,2748,1764,593,1209,762,3169,908,541,957,2497,2529,2243,3000,1701,2130,1909,1229,2594,1763,967,1183,1472,520
LILRA4,24,45,32,33,11,11,12,40,32,30,9,14,16,38,7,17,22,20,8,13,5,10,2,20,2,14
LGALS3,363,829,342,832,165,854,263,631,637,655,166,796,445,935,995,1309,813,989,665,906,343,515,175,698,287,428
DEFB4A,7,3,1,4,4,4,0,5,7,6,4,4,2,3,3,3,3,3,6,0,2,3,2,4,3,3
RUNX1,209,127,139,146,114,93,103,105,130,66,54,69,125,117,127,126,66,83,62,54,71,54,42,70,78,39
BID,9,14,17,16,10,8,6,9,10,10,4,5,13,10,4,20,4,5,11,14,4,8,7,12,4,10
DEFB1,8,8,22,8,9,3,4,5,7,2,3,5,15,6,21,7,4,4,4,7,5,2,5,6,9,3
LTB4R2,54,51,39,52,31,36,25,31,32,20,9,22,23,27,20,33,21,23,36,26,16,32,15,32,23,28
CTSC,1195,865,1153,1118,1160,402,682,693,1366,578,474,619,1035,1014,1743,1360,846,901,1273,1062,1073,867,575,819,1053,469
CXCR2,75,47,37,46,60,17,68,31,115,25,13,47,44,81,46,85,46,47,51,36,107,83,22,23,58,7
TNFRSF11A,7,10,4,4,8,17,6,6,13,11,2,5,8,17,10,7,4,7,8,10,3,8,8,13,8,2
JAK3,316,165,320,261,378,129,234,222,195,86,179,119,256,162,197,148,109,105,137,132,125,141,127,145,139,88
CCL13,15,5,8,5,7,3,6,4,6,2,3,1,9,4,11,2,2,3,0,5,4,4,0,2,11,3
TRAF3,92,104,96,110,89,92,90,117,98,72,78,91,71,80,57,90,74,78,140,108,103,111,88,134,101,94
PDCD1LG2,22,12,37,13,41,4,5,3,18,6,14,3,30,12,24,9,7,2,9,4,3,7,7,5,15,2
RAG1,7,8,5,5,2,4,5,3,7,3,1,1,4,2,11,1,6,3,6,2,7,2,7,2,3,2
EFHC2,33,32,37,31,33,31,39,42,29,18,30,13,40,39,32,31,31,32,15,14,26,26,17,36,35,27
NFATC3,464,515,409,498,388,359,455,467,446,261,241,371,361,464,390,490,313,350,368,304,539,472,281,359,365,246
TNFRSF10C,23,35,35,65,23,22,12,24,46,21,9,38,13,50,16,25,42,32,65,44,19,33,14,23,13,10
IL21R,27,32,19,35,16,45,34,40,27,11,13,21,23,35,6,13,21,16,34,22,34,15,11,28,23,21
IL22,7,10,3,4,3,0,5,0,3,1,1,1,2,5,1,2,1,4,4,6,0,5,5,6,7,1
KIR_Activating_Subgroup_2,27,25,11,13,26,15,37,32,72,14,6,8,33,41,61,88,15,34,5,6,64,100,31,24,13,4
IL12RB1,68,40,62,73,60,43,54,65,80,37,36,30,53,54,69,76,41,50,53,36,47,38,41,52,42,32
SMAD5,61,102,44,47,58,54,44,52,67,47,27,51,71,77,36,68,65,62,96,73,70,75,43,68,49,42
CD48,1452,1078,2165,1830,2124,1665,2129,2584,2105,1261,1919,1683,1693,1383,1901,1837,1395,1311,2749,2413,1967,1491,1819,1907,2842,1434
CD19,143,107,89,80,95,45,147,143,128,123,203,223,88,61,64,58,72,51,88,76,105,60,139,110,134,57
LTA,54,38,101,73,88,51,107,65,51,32,83,51,113,52,38,22,38,28,31,16,36,33,69,41,34,31
TRAF2,58,34,64,48,94,40,52,37,48,42,52,38,77,41,83,35,41,34,43,22,47,24,45,41,51,32
FCGR2A/C,1859,1074,2332,1734,1346,450,540,509,1262,472,556,624,1166,1125,919,1072,688,812,1019,884,649,589,213,666,910,359
CD96,435,360,409,453,502,333,476,568,437,252,136,165,548,439,469,421,310,329,367,332,441,367,345,427,388,285
GZMA,1452,1231,1295,1281,1789,445,1264,1141,2679,840,463,939,1349,1356,4109,4134,2212,2106,1688,1198,2363,1644,1292,1327,1793,958
TFRC,232,122,128,120,152,143,99,140,103,62,74,96,124,126,165,168,91,105,92,110,83,113,113,144,84,80
CD44,1053,1300,950,1442,612,1273,775,1126,1074,847,428,957,806,1363,514,1138,816,1082,1055,974,754,955,442,1234,706,660
MASP2,5,8,9,5,8,4,10,4,6,8,6,2,4,0,6,5,3,6,7,1,5,3,5,3,3,1
MASP1,5,3,1,5,3,3,7,11,5,3,5,2,2,2,3,7,2,1,6,5,5,2,5,3,4,5
ILF3,550,544,502,663,464,477,448,545,411,315,249,380,458,481,289,441,279,400,426,403,327,435,284,418,325,295
ZBTB16,55,123,30,81,20,59,32,53,93,57,11,25,27,33,16,49,28,70,22,25,32,83,10,53,24,42
PTPN6,1130,803,1305,1088,1046,599,881,808,1160,594,703,663,1187,1118,834,874,827,726,1026,692,697,529,505,675,784,367
C1QB,17,12,12,16,9,13,11,9,15,8,2,2,5,4,5,18,6,9,23,21,15,9,5,19,8,8
CD99,1738,2089,1370,1556,1967,1480,1546,2012,1949,1275,1097,1552,2518,2412,1959,2385,1750,2155,1609,1545,1490,1757,1058,2001,1432,1156
ICOS,211,88,253,74,349,119,158,99,136,36,277,127,240,99,150,68,76,50,78,59,65,54,194,109,95,67
C5,19,6,21,22,12,8,11,8,14,10,11,6,10,10,14,18,12,9,16,11,6,9,5,12,14,8
MCL1,7551,5012,6835,4919,5783,4683,3362,3441,5460,2385,3389,3907,5720,4071,5246,3729,3012,3051,2848,2271,2694,3161,2493,4096,3509,1882
TLR9,18,19,9,16,6,9,10,15,13,16,3,3,13,14,5,7,13,12,4,9,8,5,6,9,7,3
LILRA6,132,74,148,77,102,19,39,22,76,20,35,36,205,145,73,88,34,42,46,27,36,16,28,51,32,11
MAP4K1,218,194,179,219,171,129,226,231,209,147,122,167,190,202,175,211,154,167,172,149,144,129,98,143,125,108
PSMD7,733,715,815,903,668,826,601,785,745,525,460,720,688,830,618,821,551,657,779,811,606,879,384,918,605,614
TGFBI,764,701,735,801,618,582,413,646,810,509,238,515,753,1067,512,761,453,535,997,837,631,656,174,677,748,451
MS4A1,343,206,209,168,302,86,486,295,286,218,515,360,276,136,218,121,208,98,189,93,253,99,259,136,320,90
CEACAM6,4,5,5,8,9,3,9,8,4,3,1,3,1,3,3,5,3,7,3,3,3,6,2,3,7,1
KIF18B,7,9,3,4,3,4,6,8,10,3,3,3,7,7,7,4,4,5,6,8,4,6,7,3,5,6
IL16,396,508,458,659,354,551,716,745,488,301,215,431,458,677,324,473,556,454,714,399,698,486,281,400,621,347
TRAF6,76,87,56,79,60,63,49,57,64,46,29,73,63,51,55,66,38,52,49,45,65,99,35,65,55,51
MIF,260,273,321,316,420,474,353,461,385,250,272,331,360,353,215,280,266,288,408,343,338,317,224,418,269,215
SOCS1,444,110,332,99,631,141,289,125,275,72,568,109,590,84,426,41,58,71,60,39,73,91,305,75,200,79
KIR3DL1,8,2,1,5,22,6,7,8,20,7,1,3,5,7,11,15,1,9,5,1,31,40,5,6,6,0
IL23A,19,18,16,33,11,32,31,37,22,20,7,44,11,33,6,19,26,11,18,11,25,14,15,29,19,30
CCR7,362,104,370,198,456,284,439,359,223,83,573,216,320,111,57,18,96,44,80,54,138,97,221,95,206,74
IGHG1,2,6,0,1,6,2,4,1,0,2,2,1,1,1,0,3,0,5,6,1,2,1,5,1,1,3
TLR1,485,251,528,293,465,306,252,174,450,130,282,222,522,362,316,213,293,205,374,169,261,246,194,271,269,102
IL18R1,86,104,111,93,152,66,49,74,96,69,47,50,96,97,110,63,50,71,103,65,139,109,39,57,70,71
RAF1,222,190,208,220,174,179,184,159,208,105,120,159,205,242,141,171,165,149,247,173,200,214,115,166,204,144
IL15,135,31,72,38,90,39,70,20,98,30,61,33,95,55,88,46,37,37,37,29,31,8,36,25,85,19
IKZF2,74,70,52,69,72,46,51,56,73,61,39,42,79,65,93,116,29,31,66,40,70,45,43,65,68,52
CD4,446,478,433,585,282,358,391,427,481,346,246,433,473,629,414,678,423,490,515,464,317,330,200,442,290,229
IRAK3,40,70,38,106,9,43,17,34,58,46,6,40,37,85,21,73,48,81,45,52,25,34,13,42,21,14
NFIL3,967,537,668,427,851,421,225,220,897,247,310,511,592,402,639,644,243,462,405,422,452,838,243,809,679,414
CIITA,53,32,31,39,34,9,20,25,37,20,22,38,19,19,18,20,11,27,15,13,14,9,6,8,17,6
CCRL1,4,5,3,3,2,2,1,5,6,1,2,4,4,6,4,5,4,1,3,5,4,4,0,2,6,2
PPARG,10,4,3,5,6,1,2,4,3,4,0,0,3,8,7,4,7,2,3,5,3,5,3,2,4,3
TLR2,544,190,448,268,297,133,164,121,320,112,202,125,301,240,244,220,214,157,279,165,140,107,70,177,200,53
CD2,202,145,170,162,227,79,206,210,136,72,142,103,259,227,309,195,167,146,201,157,189,102,178,161,203,111
IKBKAP,68,51,60,58,48,30,56,46,54,22,31,32,55,52,41,60,51,38,62,38,48,26,48,39,51,16
SLAMF6,109,61,97,77,116,19,104,78,92,42,62,66,119,79,131,104,79,65,83,53,89,35,56,49,60,27
TNFRSF8,22,31,15,32,10,12,9,11,27,14,4,13,19,40,8,19,31,35,48,25,23,13,8,14,7,7
STAT1,3668,308,5244,1291,5333,197,2235,414,2413,268,3243,336,5294,712,4246,808,488,263,845,388,938,239,1727,305,1953,101
CRADD,30,26,38,24,16,23,20,25,33,14,15,23,23,35,48,36,24,21,20,21,26,13,11,15,16,11
HLA-C,2522,1798,2518,2039,1174,643,1530,1560,2146,1149,1284,1253,1479,1149,2505,2289,893,1071,805,713,1654,1698,976,1510,1292,796
GNLY,1650,1606,440,563,783,367,1130,772,1079,251,523,1278,1693,1748,1182,1304,796,1171,660,437,2152,2220,673,737,1968,907
CCL5,1186,1455,1328,1431,2161,1309,1143,1330,1393,661,475,973,1211,1081,3191,3929,1881,2160,1512,1306,2004,1909,739,1395,1296,1124
ITGAE,85,109,102,130,80,111,103,160,95,95,69,128,87,130,71,113,120,126,94,95,76,126,63,108,60,71
FCGRT,819,895,910,1032,558,751,538,820,1070,716,340,818,553,1047,551,1024,756,917,1376,1260,751,918,250,1111,836,535
IL10,18,6,17,10,33,20,5,11,12,3,6,4,29,18,21,9,8,5,17,6,3,8,10,9,9,7
CD59,159,92,151,146,191,108,131,161,144,107,149,151,171,129,203,151,131,121,100,105,173,142,127,164,145,121
CCBP2,6,2,8,9,4,4,4,2,3,4,3,0,3,5,1,4,3,5,6,6,3,2,3,5,3,5
STAT2,3301,408,3667,879,4072,152,1478,348,1562,246,1932,302,3619,571,3218,616,412,297,556,274,716,212,1165,228,1216,140
CD7,71,60,70,97,81,73,101,109,116,43,48,61,76,96,43,73,44,53,64,48,81,67,48,67,82,48
IFNAR1,25,16,28,28,29,14,37,12,48,18,15,17,36,27,25,29,22,25,31,17,20,19,18,18,23,9
ITGB1,1323,1221,887,912,1107,518,899,866,1186,630,600,823,1736,1668,1356,1563,1075,1095,1234,973,1228,850,918,1377,1035,554
SIGIRR,255,257,201,238,147,148,285,241,255,92,106,174,198,243,199,252,191,203,202,134,176,124,92,107,179,99
PDGFB,3,2,7,9,4,6,5,5,4,4,0,0,5,8,6,8,2,7,6,2,7,1,1,1,3,3
ZNF675,90,77,107,147,72,112,134,128,104,63,100,109,113,107,74,77,74,63,123,84,112,109,58,109,141,91
IL28A/B,6,4,4,5,8,7,6,1,9,2,1,3,3,6,4,1,3,3,6,5,4,5,5,6,5,4
PRKCD,457,296,398,352,333,146,231,180,274,155,152,161,479,393,361,297,231,231,329,234,209,139,114,157,256,83
IL17F,5,1,3,1,2,4,3,3,10,4,2,1,5,6,6,6,4,5,1,6,12,4,5,5,7,5
TNFRSF14,366,310,492,493,348,253,339,387,387,226,239,271,418,330,345,376,262,278,378,315,263,278,267,310,350,185
GATA3,6,8,11,7,14,7,10,9,14,7,4,10,8,17,8,12,9,8,6,11,6,4,14,15,7,4
TBK1,198,101,174,104,181,80,96,98,149,76,88,75,218,115,221,124,84,107,135,74,103,82,109,82,125,39
CX3CR1,748,492,659,627,659,46,758,358,1399,277,177,217,738,1021,1449,940,1035,622,938,400,1073,254,417,286,496,51
GZMB,1564,1238,864,734,2732,383,967,573,3504,638,368,654,966,958,2336,2203,900,1459,794,523,2431,1830,686,478,950,336
TRAF4,18,34,33,33,17,33,22,38,27,32,21,45,14,23,16,25,19,18,31,20,22,36,19,38,25,35
CEBPB,1155,763,646,671,933,928,328,393,814,410,453,627,1041,857,1089,846,467,636,949,777,599,1012,347,1051,837,563
APP,360,357,321,378,414,295,261,326,410,291,164,280,518,498,276,370,229,287,312,291,235,250,152,426,238,162
PPBP,1211,1083,3635,1911,6495,2332,1645,1558,2577,1568,1639,1189,5961,3073,3705,3341,1673,2078,857,932,893,813,610,2076,1127,629
ARHGDIB,1725,1887,1611,2071,1598,1608,1856,2418,2116,1311,1047,1726,1865,2147,1497,2340,1601,1736,1966,1714,1731,1739,1097,2139,1775,1247
PLAUR,133,167,147,143,106,131,26,55,112,69,44,128,60,109,94,129,75,93,84,61,36,97,28,159,65,80
ATG7,153,77,121,89,89,40,59,64,126,49,41,60,105,113,71,95,77,86,121,100,102,64,39,76,90,38
IL3,3,5,6,1,4,2,6,4,3,3,2,1,3,2,1,5,2,4,4,1,4,4,1,2,3,3
AINP2,4,2,2,1,4,2,5,1,3,0,3,0,5,1,2,3,4,2,7,5,7,0,4,5,5,4
TNFRSF13B,14,14,6,10,20,4,16,15,19,13,8,8,19,10,9,10,5,9,11,7,12,6,10,11,13,4
CLEC7A,733,338,680,344,349,339,212,160,629,223,254,362,467,344,278,254,255,223,344,318,81,102,123,350,208,118
CSF1,48,11,68,21,88,11,40,9,31,6,37,8,123,21,62,20,9,8,13,15,16,9,45,17,24,10
ICAM4,11,12,9,15,7,11,5,6,14,8,4,4,7,20,4,17,21,13,10,11,7,7,4,8,9,5
TAP1,801,108,966,237,981,67,545,169,692,100,582,92,1007,188,915,220,208,154,239,135,255,100,445,142,465,66
MME,7,5,3,4,8,7,3,7,4,2,2,2,8,7,5,6,4,3,4,8,4,15,6,11,7,6
IL1A,5,8,7,1,5,5,7,3,7,3,3,5,13,6,11,5,4,5,5,1,4,2,2,3,3,4
TNFSF10,4802,224,4950,623,5004,52,2383,199,3455,160,3001,151,7101,603,5398,490,630,217,997,262,1682,151,1947,146,3030,76
HAVCR2,262,65,139,66,187,63,86,49,253,72,75,50,257,114,180,75,74,80,80,48,92,55,69,59,140,21
TNFAIP3,1058,1722,1044,1915,1123,2876,419,1666,981,1291,553,1311,669,1016,863,1550,572,1523,501,892,577,1668,497,1233,545,1596
CD82,41,50,40,35,46,27,45,49,49,35,28,42,56,59,20,39,33,26,58,45,57,28,41,70,44,23
CUL9,63,50,64,74,49,47,70,50,62,30,30,47,48,44,29,48,29,48,25,19,20,27,21,23,18,16
ETS1,3054,2488,2294,3727,2303,2383,3169,4014,2447,1811,1837,2416,2771,3341,1770,2574,1649,1942,2173,2127,3012,2955,1770,2799,2216,1653
CD5,291,324,229,386,153,476,477,505,200,169,112,245,238,347,190,284,222,278,258,235,209,176,159,291,213,167
ABCB1,91,66,48,69,88,42,113,70,138,55,32,34,71,80,120,130,68,63,44,29,132,77,52,41,106,34
LILRA3,102,102,279,237,117,67,7,3,6,3,6,5,307,312,2,6,46,75,171,154,5,1,27,79,109,44
FCER1A,117,258,23,112,20,159,123,360,182,194,15,223,43,292,20,110,590,447,414,459,193,195,38,256,66,145
CCR1,455,185,428,94,313,104,160,37,387,58,189,110,417,183,398,96,148,55,162,50,172,113,91,171,155,34
CFI,4,3,11,6,7,5,5,5,6,4,3,3,4,9,3,3,1,6,6,7,5,3,3,10,7,5
SYK,497,495,610,616,419,234,222,333,574,399,227,397,405,607,233,529,375,432,446,401,278,304,123,338,298,187
TLR3,44,18,35,22,67,18,43,31,27,10,19,11,71,25,112,43,15,27,25,27,28,25,20,25,35,14
HLA-DOB,172,79,110,63,125,39,149,119,166,88,346,204,116,76,67,44,58,35,60,48,121,57,226,97,189,45
NCAM1,61,71,41,38,75,26,55,39,119,35,15,29,65,60,82,106,22,45,41,19,84,76,19,25,42,24
HAMP,3,1,8,4,7,2,0,5,4,1,2,3,3,6,4,4,1,3,1,3,5,1,0,4,6,2
LILRB5,1,3,4,4,1,1,4,4,3,2,3,5,4,4,6,8,4,3,6,4,2,2,1,6,3,2
CD27,282,264,346,399,274,157,622,653,328,232,221,268,314,346,50,69,228,121,294,179,200,86,121,170,246,96
TNF,92,117,147,164,71,144,45,82,93,84,45,96,113,107,71,116,63,63,88,99,44,82,42,156,50,45
BCL2L11,63,90,32,95,55,100,22,43,51,47,33,56,51,49,49,66,38,40,38,33,29,43,19,50,31,30
FYN,865,921,659,923,681,551,847,887,1029,530,425,695,817,985,744,1066,742,828,689,554,759,648,373,605,533,350
B3GAT1,16,14,8,6,17,0,15,6,16,4,3,7,4,6,24,28,10,9,14,8,21,18,9,13,12,6
PLA2G2E,5,2,9,6,4,7,7,6,4,3,3,2,6,8,6,7,4,5,12,5,5,3,5,3,4,0
HLA-DRB3,861,729,1565,1544,806,807,603,779,1101,726,534,838,567,741,1006,1398,757,832,1432,1235,1017,1091,584,1412,841,604
CD3E,907,893,1109,1254,1130,945,1348,1586,679,608,836,953,1088,978,1014,1153,760,764,994,891,1297,1143,679,1035,1238,824
PRF1,2948,2013,1641,1284,4762,397,1808,1057,5329,954,673,866,2480,2026,5241,3484,1473,2101,1307,739,3699,2590,1336,849,2004,509
BCL6,198,241,173,187,123,124,72,108,145,77,76,144,133,169,112,115,109,84,94,78,95,157,56,183,86,60
CD79A,516,382,367,352,382,248,567,651,625,500,988,961,354,264,265,229,284,220,241,186,409,278,438,489,565,251
PYCARD,87,69,123,111,81,37,57,54,109,58,48,69,110,143,86,120,81,89,62,51,53,34,18,37,60,24
CYBB,2507,1636,2588,2115,1641,605,902,959,1975,1059,793,1111,1411,1864,1397,2109,1069,1360,2542,2047,1531,1230,542,1677,1602,701
BANK1,388,272,341,257,466,154,463,438,364,285,490,360,310,185,223,155,203,137,209,143,348,208,381,328,436,163
CD53,1876,1231,2137,1561,2151,741,1374,1253,2042,957,1081,877,1996,1716,2061,1943,1193,1188,2147,1556,1816,1305,1477,2005,1787,658
CR1,303,236,153,236,94,126,96,104,162,86,103,182,146,224,162,252,113,191,198,143,103,83,63,213,122,64
MBP,178,205,173,205,174,114,165,218,195,104,91,143,177,219,222,251,182,194,185,156,249,219,102,195,172,103
EOMES,16,17,20,18,14,3,21,23,16,8,9,5,22,19,30,26,36,22,26,20,46,42,13,18,21,15
MR1,100,58,91,83,85,41,62,58,76,39,52,51,68,53,59,56,28,40,51,28,65,36,32,28,42,15
NOTCH1,70,72,60,67,74,38,44,44,58,27,24,30,74,44,62,61,28,45,49,28,34,31,26,21,27,17
CAMP,3,4,5,7,5,5,1,6,5,2,3,4,4,2,2,9,7,4,3,4,3,6,4,4,10,8
JAK1,512,503,480,565,469,405,443,484,540,302,227,325,504,483,447,466,311,379,149,117,173,162,95,146,154,85
FCGR2B,96,46,160,91,88,38,128,113,139,87,130,110,132,85,73,78,117,94,125,70,100,59,112,86,130,58
BST1,599,549,655,676,547,398,245,348,552,316,240,470,508,799,440,716,430,449,529,538,242,395,135,480,379,306
SPP1,7,2,9,0,2,1,3,5,3,6,0,3,2,8,1,7,1,3,2,3,5,3,4,3,2,1
CD45RB,1012,685,1005,900,805,288,759,637,633,346,397,428,602,613,777,799,526,547,677,516,608,360,255,411,596,236
MARCO,51,63,14,22,9,5,6,7,41,34,9,12,17,34,39,58,87,126,96,99,50,78,10,48,10,4
IL22RA2,2,1,1,8,6,0,2,2,3,0,3,2,6,3,4,3,3,2,1,9,4,2,3,3,4,0
SELL,2612,1058,2346,1287,1758,483,1510,1505,2015,818,1507,1158,2896,1702,1864,1098,982,988,1605,1210,1518,994,1612,1415,2367,667
CD3D,1171,1086,1580,1566,1495,1061,1962,2301,1016,755,1061,1135,1544,1568,1760,1888,1459,1306,855,676,537,384,621,784,819,464
CD84,275,237,182,238,275,177,172,177,139,103,114,133,288,287,198,218,162,174,291,262,197,152,224,315,119,101
IL2RA,81,41,38,42,55,21,50,33,57,32,72,34,82,71,27,14,24,17,33,27,25,17,66,60,19,11
TRAF1,55,56,44,58,39,62,53,60,42,36,28,36,51,83,16,36,33,40,50,40,45,54,43,64,30,30
STAT3,1387,584,1327,688,1532,524,783,497,858,285,709,394,1266,581,1183,637,362,407,422,324,409,319,387,340,489,178
FOXP3,20,2,16,16,27,4,13,7,8,2,6,9,23,12,5,6,4,5,7,6,6,2,7,4,6,1
TLR7,143,16,180,44,163,11,77,21,195,30,88,18,145,49,139,50,53,25,28,19,49,11,34,15,57,9
ITGAM,394,338,297,388,266,187,155,201,399,203,91,256,307,392,306,433,240,317,304,275,266,360,100,248,220,176
CR2,20,14,10,11,17,4,22,19,17,11,20,17,4,12,8,6,7,0,12,7,9,5,13,10,15,9
LY96,308,196,312,215,314,113,122,141,270,134,181,171,297,313,215,284,191,175,286,260,111,100,91,191,191,93
CCL23,2,4,3,1,7,0,2,2,6,1,2,1,2,4,4,4,6,5,4,4,5,3,3,9,2,1
IL11RA,19,13,14,23,14,14,20,11,12,10,7,16,24,18,7,13,13,10,13,10,13,10,12,6,6,7
TCF4,230,58,140,43,145,31,95,46,137,33,181,67,178,39,152,38,37,36,52,19,84,39,81,51,122,28
IRGM,6,6,5,6,3,2,8,4,10,6,5,3,5,9,5,4,6,5,9,2,10,8,11,6,3,5
IL23R,6,5,6,5,6,3,5,3,5,6,0,0,4,7,4,5,1,8,1,2,4,5,3,4,8,5
IL1B,107,255,139,158,146,75,39,72,250,94,86,285,44,116,63,94,192,131,88,45,54,108,27,170,46,82
MYBPC1,3,5,3,2,1,1,2,2,0,3,1,0,0,0,1,1,2,1,1,2,2,2,0,2,1,3
RARRES3,702,301,1091,647,1317,345,690,547,750,273,566,423,1006,582,1356,801,491,517,699,488,669,493,571,461,707,268
C3,7,9,7,7,6,8,8,5,13,8,2,3,9,6,1,8,3,11,10,8,6,6,6,5,8,6
CCR2,225,126,385,229,237,62,129,64,160,66,103,56,277,374,160,179,270,185,544,208,250,60,57,51,205,34
KLRF2,4,4,6,5,2,2,3,5,7,0,3,1,1,4,5,4,7,2,0,4,1,1,4,6,5,1
IL13RA1,293,425,321,488,136,255,148,241,351,316,91,301,226,394,136,442,275,412,520,445,248,384,61,350,215,189
IFNA1/13,6,4,6,7,4,6,5,5,7,2,1,5,0,7,6,5,4,2,2,6,1,0,2,5,4,1
CCL20,7,7,5,10,4,14,3,7,6,5,2,9,7,8,1,9,5,6,6,6,8,10,4,8,5,7
FCAR,7,6,4,13,6,0,3,5,2,4,0,4,0,3,7,5,6,7,2,4,5,5,1,6,2,1
CHUK,137,108,142,135,158,56,92,82,161,64,80,84,153,131,123,116,78,103,127,85,98,88,76,87,109,59
PRDM1,537,272,269,233,579,198,150,196,354,240,267,126,511,218,550,450,95,281,154,291,211,440,306,430,268,283
IFIH1,581,47,470,81,703,39,313,59,353,53,392,55,817,79,698,93,72,54,98,49,198,43,268,62,283,41
CASP10,53,23,39,10,22,0,17,12,33,14,8,5,49,30,22,18,22,9,35,15,27,6,8,10,26,6
LILRB1,1315,405,811,536,479,137,317,175,451,154,264,186,830,438,601,479,258,353,358,261,383,252,260,257,509,97
ZEB1,40,56,59,66,57,50,51,67,46,53,38,64,60,50,27,35,22,32,35,29,30,39,26,73,31,43
IL8,2130,6177,1758,3428,2324,5196,590,1400,2342,2827,949,10606,2136,4411,1106,2344,2132,3398,3437,2608,1332,6443,516,6438,1247,2793
ICAM5,1,6,5,5,0,4,0,4,2,2,1,2,2,3,1,6,3,4,2,9,5,3,1,5,2,4
IRAK4,199,119,208,190,207,125,195,171,182,103,146,145,196,150,183,182,113,121,150,130,149,135,119,123,161,110
CARD9,17,21,10,34,10,11,7,9,17,17,2,20,10,36,8,29,15,21,29,31,14,19,10,21,15,15
TAP2,461,114,440,175,481,61,173,110,210,81,212,108,434,111,417,179,90,83,134,105,149,93,197,94,201,68
CTSS,21157,18149,24936,26542,12862,9962,8914,11018,21636,12352,7956,13820,17315,21933,15934,23294,13782,16053,20526,17605,11528,12027,4868,14527,15763,8185
BST2,703,166,969,225,1117,87,366,135,537,120,531,111,828,254,946,245,200,145,300,162,334,149,513,177,612,70
SELE,6,8,13,8,5,11,8,7,7,4,1,2,5,5,7,9,4,9,6,8,4,8,0,10,7,2
STAT5B,400,322,396,422,375,265,334,409,304,218,234,238,372,371,286,313,238,246,237,184,212,198,153,193,206,119
CD22,156,144,80,120,97,46,157,194,121,141,183,258,92,71,58,59,73,73,77,87,155,94,166,156,179,91
CD81,783,784,869,980,988,864,858,972,1165,666,509,850,750,984,1234,1576,839,945,779,670,1109,982,434,729,826,572
SRC,82,85,132,112,136,139,53,56,106,52,43,51,153,114,78,69,67,75,89,63,48,30,25,58,33,24
PLAU,9,11,1,8,5,15,6,6,6,11,3,3,6,6,4,12,5,10,3,11,4,10,1,7,7,5
FN1,3,3,4,8,4,1,1,1,3,2,1,2,3,4,8,13,6,3,1,3,6,2,3,3,2,1
CSF3R,674,470,569,452,458,283,211,238,441,279,224,358,473,409,408,448,353,371,498,369,230,280,102,283,349,204
CCL2,595,6,1168,10,1248,24,614,8,1100,1,997,87,1345,12,1143,19,77,7,34,3,495,33,551,249,662,19
CTLA4_all,203,101,134,93,352,91,126,115,127,76,205,109,263,146,157,98,54,72,82,77,82,97,181,132,97,81
CCNB1,18,21,24,27,25,8,14,19,14,10,15,19,22,26,16,23,24,16,32,29,24,11,24,22,25,11
SLAMF1,64,45,57,53,61,43,48,74,50,48,48,37,71,86,64,56,61,45,45,28,42,40,25,40,42,34
FADD,12,4,11,7,9,5,9,14,6,8,4,8,7,11,5,6,14,6,8,6,8,6,4,5,8,8
CASP3,120,81,114,69,182,66,96,63,91,45,88,69,171,110,139,59,80,54,85,43,81,77,75,43,80,30
CASP1,1926,636,2464,1362,2364,283,956,568,1711,559,1120,571,2116,1047,2371,1243,814,771,1032,741,704,418,636,510,1119,265
ICAM2,237,112,306,194,376,79,232,192,245,94,166,115,432,263,320,184,159,161,228,148,198,98,173,124,227,60
CD8A,400,406,378,416,297,315,412,518,165,99,115,185,142,158,326,478,482,628,418,315,274,218,170,280,323,224
LILRB4,378,173,381,147,373,90,108,126,265,131,163,81,350,201,277,257,110,143,191,147,113,93,101,142,167,73
CD97,1621,961,1512,1004,1426,436,641,546,1185,346,675,393,1220,816,1204,843,464,633,765,639,671,622,578,650,551,252
POS_C(8),803,806,1039,995,969,1063,1054,1060,957,805,927,920,900,894,678,880,828,846,1033,1060,945,932,910,1238,1040,834
POS_A(128),9953,9114,13335,12252,12203,13617,12947,13188,12260,9460,11886,12572,11235,11711,9238,11001,10728,10151,11562,11328,10089,9582,9534,12103,11580,8424
POS_F(0,21,13,29,22,25,26,22,33,28,11,13,23,22,20,21,27,18,22,26,18,17,12,18,27,19,12
POS_D(2),219,188,262,275,251,247,268,290,238,204,239,275,230,246,221,255,196,208,232,290,234,217,210,298,240,213
POS_B(32),2372,2323,3120,2974,3017,3297,3123,3234,2935,2192,2943,3043,2776,2808,2280,2861,2668,2514,3383,3406,3195,2789,2898,3606,3474,2445
POS_E(0,42,36,51,45,40,54,44,51,61,37,48,50,44,32,42,44,34,38,36,27,40,29,22,50,43,28
NEG_C(0),2,5,5,0,1,0,1,5,5,6,4,0,2,4,1,1,3,1,6,8,2,1,0,3,0,1
NEG_D(0),5,3,2,2,2,3,5,2,1,1,2,2,5,7,2,7,2,4,3,2,4,2,3,0,3,1
NEG_E(0),9,1,12,4,9,10,10,11,6,2,2,4,9,3,5,6,4,7,4,9,7,2,2,11,5,4
NEG_A(0),7,1,9,5,7,9,8,7,8,2,1,2,5,3,5,4,8,2,17,8,10,6,5,9,5,6
NEG_H(0),3,7,7,1,2,8,3,4,2,1,5,2,1,0,1,3,1,1,3,3,5,2,7,3,2,3
NEG_G(0),7,6,2,1,4,2,3,1,2,0,0,1,0,2,1,1,3,2,2,2,0,0,2,3,2,1
NEG_F(0),2,5,4,5,13,8,7,7,10,6,0,4,8,13,7,6,8,6,8,7,6,7,4,7,6,2
NEG_B(0),2,2,8,3,5,6,1,6,2,1,0,2,3,6,2,4,2,3,2,5,4,7,3,8,6,6
EEF1G,5700,5450,7697,8153,6438,7743,8770,11703,7901,5747,7160,8862,7148,7458,3960,5441,5490,5351,5850,5694,5178,4919,4331,6802,6179,4490
TUBB,169,223,245,262,173,176,186,277,215,162,112,191,233,279,163,279,179,209,210,184,216,212,119,184,148,110
TBP,117,105,111,103,99,101,99,89,97,61,69,81,134,124,91,77,101,78,110,66,104,84,73,62,96,61
POLR2A,227,201,169,224,190,125,159,140,120,68,74,97,157,154,114,125,77,90,104,110,146,107,72,109,85,46
GUSB,109,86,136,150,83,74,91,98,158,75,59,95,122,150,82,143,103,102,126,103,103,106,55,110,85,70
HPRT1,253,233,314,312,288,187,237,322,311,186,215,290,391,404,298,320,227,286,272,269,278,264,218,320,288,239
GAPDH,6554,7389,5389,6431,4595,5611,3815,5882,6728,4432,2649,5425,5439,7157,4855,8307,5505,6832,8094,7938,4632,5963,2761,7092,5442,4441
SDHA,62,70,84,73,100,49,72,82,77,45,43,48,60,49,81,67,42,38,63,38,67,44,48,39,45,26
OAZ1,3422,3345,4353,4204,4038,2524,2989,3605,4593,2707,2295,2940,4456,4984,4524,5190,4038,4122,5755,5167,3311,3011,2900,5153,4122,2461
PPIA,72,117,110,122,71,136,101,141,107,91,70,100,82,104,54,105,94,94,151,149,130,147,78,169,146,106
G6PD,249,275,293,315,285,164,175,163,314,153,108,148,264,286,191,320,151,177,226,204,189,190,78,205,171,102
RPL19,12400,11808,15816,16989,13659,16696,18219,23495,15743,11616,13134,16707,15322,16281,9868,13608,11557,11472,11909,11040,10991,10698,8857,14618,13253,9725
POLR1B,33,26,34,41,34,23,40,38,31,27,19,24,38,50,26,34,29,24,18,8,9,8,10,6,11,17
ABCF1,141,118,145,125,130,98,129,118,130,61,66,90,136,148,120,87,83,88,103,62,96,95,61,84,86,51
ALAS1,37,34,61,44,75,20,47,30,34,18,30,23,51,53,39,31,57,31,44,20,33,20,13,26,31,11
